mono pinhole calibration...
D = [0.040854063025127486, -0.277545509278437, -0.012155193587679457, 0.018707133200860943, 0.0]
K = [1322.345929001866, 0.0, 389.4009369304481, 0.0, 1321.2467409164844, 150.73169169893936, 0.0, 0.0, 1.0]
R = [1.0, 0.0, 0.0, 0.0, 1.0, 0.0, 0.0, 0.0, 1.0]
P = [1317.305908203125, 0.0, 393.23344267319044, 0.0, 0.0, 1322.8564453125, 148.5159269223368, 0.0, 0.0, 0.0, 1.0, 0.0]
None
# oST version 5.0 parameters


[image]

width
640

height
480

[narrow_stereo]

camera matrix
1322.345929 0.000000 389.400937
0.000000 1321.246741 150.731692
0.000000 0.000000 1.000000

distortion
0.040854 -0.277546 -0.012155 0.018707 0.000000

rectification
1.000000 0.000000 0.000000
0.000000 1.000000 0.000000
0.000000 0.000000 1.000000

projection
1317.305908 0.000000 393.233443 0.000000
0.000000 1322.856445 148.515927 0.000000
0.000000 0.000000 1.000000 0.000000


